--procs-- -----------------------memory---------------------- ---swap-- -----io---- -system-- ----------cpu---------- -----timestamp-----
   r    b         swpd         free         buff        cache   si   so    bi    bo   in   cs  us  sy  id  wa  st  gu                 UTC
   0    0            0      3440656       226072      1145408    0    0   305   419 1759    4   1   1  98   0   0   0 2026-10-05 04:04:46
   0    0            0      3458948       226072      1145572    0    0     0     0  148  520   0   0 100   0   0   0 2026-10-05 04:04:47
   0    0            0      3457464       226072      1145580    0    0     0     0  927 2776   0   0 100   0   0   0 2026-10-05 04:04:48
   0    0            0      3457464       226072      1145580    0    0     0     0   20  184   0   0 100   0   0   0 2026-10-05 04:04:49
   0    0            0      3457464       226072      1145580    0    0     0     0   36  342   0   0 100   0   0   0 2026-10-05 04:04:50
   0    0            0      3459724       226080      1145700    0    0     0    72   61  395   0   0 100   0   0   0 2026-10-05 04:04:51
   0    0            0      3460324       226080      1145584    0    0     0     0  162  651   0   0 100   0   0   0 2026-10-05 04:04:52
   0    0            0      3465936       226080      1145584    0    0     0     0  364 1008   0   0 100   0   0   0 2026-10-05 04:04:53
   0    1            0      3413972       227060      1147092    0    0     0  4668 1859 4915   2   1  94   3   0   0 2026-10-05 04:04:54
   0    1            0      3410180       228296      1149992    0    0     0  8100 2513 6744   1   1  93   5   0   0 2026-10-05 04:04:55
   0    1            0      3405824       229104      1149964    0    0     0  8204 1251 3443   1   0  94   5   0   0 2026-10-05 04:04:56
   0    1            0      3403104       229920      1150208    0    0     0  7964 1202 3323   1   1  93   5   0   0 2026-10-05 04:04:57
   0    1            0      3399072       230728      1150280    0    0     0  8136 1357 3709   1   0  93   5   0   0 2026-10-05 04:04:58
   0    1            0      3395544       231536      1150176    0    0     0  7760 1435 3872   1   0  93   5   0   0 2026-10-05 04:04:59
   3    0            0      3253664       232412      1150412    0    0     0  8924 4070 9928  11   5  79   5   0   0 2026-10-05 04:05:00
   2    1            0      3207772       233432      1150960    0    0     0  9512 6283 20629  15   5  75   6   0   0 2026-10-05 04:05:01
   0    1            0      3195032       234748      1151728    0    0     0  8992 2985 7569   7   2  82   8   0   0 2026-10-05 04:05:02
   0    2            0      3190456       235012      1152332    0    0     0  1624  991 2645   3   1  86  10   0   0 2026-10-05 04:05:03
   5    1            0      3214600       235592      1151240    0    0     0  4952 1478 3822   4   1  86   8   0   0 2026-10-05 04:05:04
   3    0            0      3260852       236272      1151908    0    0     0  3292 2215 5473   6   1  85   8   0   0 2026-10-05 04:05:05
   1    2            0      3259844       236504      1152436    0    0     0  2088  378 1235   0   0  90   9   0   0 2026-10-05 04:05:06
--procs-- -----------------------memory---------------------- ---swap-- -----io---- -system-- ----------cpu---------- -----timestamp-----
   r    b         swpd         free         buff        cache   si   so    bi    bo   in   cs  us  sy  id  wa  st  gu                 UTC
   2    2            0      3257296       236752      1152260    0    0     0  2560  907 2170   0   1  90   9   0   0 2026-10-05 04:05:07
   1    2            0      3256036       237180      1152836    0    0     0  2424 9096 18996   7   1  84   8   0   0 2026-10-05 04:05:08
   2    1            0      3183732       237800      1153116    0    0     0  3052 10301 21567   9   2  82   7   0   0 2026-10-05 04:05:09
   0    1            0      3127044       238464      1149068    0    0     0  5192 8033 18863   8   3  82   7   0   0 2026-10-05 04:05:10
   2    2            0      3097116       239028      1151080    0    0    16  5540 9338 42198   5   3  83   9   0   0 2026-10-05 04:05:11
   0    1            0      3092848       239356      1152640    0    0     0  2148 8957 42851   2   2  86  11   0   0 2026-10-05 04:05:12
   1    2            0      3109572       239684      1151068    0    0     0  3008 10114 45425   5   3  83   9   0   0 2026-10-05 04:05:13
   0    3            0      3141244       240160      1151864    0    0     0  3956 1419 4748   2   1  89   8   0   0 2026-10-05 04:05:14
   0    1            0      3142108       240704      1152816    0    0     0  3680 1587 7631   1   1  88   9   0   0 2026-10-05 04:05:15
   0    1            0      3140596       241072      1154256    0    0     0  2692  664 1941   1   0  90   9   0   0 2026-10-05 04:05:16
   1    2            0      3083548       241512      1154512    0    0     0  4060 2058 4894   5   1  86   9   0   0 2026-10-05 04:05:17
   0    1            0      3079068       242040      1154536    0    0     0  4180 1671 4325   4   1  86   8   0   0 2026-10-05 04:05:18
   6    0            0      3072264       242500      1155604    0    0     0  3272  992 2789   2   1  89   9   0   0 2026-10-05 04:05:19
   0    1            0      3085512       242860      1156536    0    0     0  2588  908 2495   2   0  89   9   0   0 2026-10-05 04:05:20
   2    2            0      3098480       243268      1157212    0    0     0  3552 1196 3178   3   1  87   9   0   0 2026-10-05 04:05:21
   2    2            0      3184364       243644      1154284    0    0     0  3272 1554 3982   4   1  87   8   0   0 2026-10-05 04:05:22
   0    3            0      3176740       244040      1154592    0    0     0  2836  738 2156   1   0  90   9   0   0 2026-10-05 04:05:23
   0    2            0      3172960       244464      1154960    0    0     0  2820  777 2254   1   0  90   9   0   0 2026-10-05 04:05:24
   2    2            0      3185784       244824      1154600    0    0     0  3316 1199 3235   2   1  88   9   0   0 2026-10-05 04:05:25
   0    2            0      3167108       245192      1154740    0    0     0  2764  802 2193   2   1  89   9   0   0 2026-10-05 04:05:26
   1    1            0      3164436       245576      1154792    0    0     0  2876  884 2427   2   1  89   9   0   0 2026-10-05 04:05:27
--procs-- -----------------------memory---------------------- ---swap-- -----io---- -system-- ----------cpu---------- -----timestamp-----
   r    b         swpd         free         buff        cache   si   so    bi    bo   in   cs  us  sy  id  wa  st  gu                 UTC
   3    1            0      3138720       245992      1155748    0    0     0  3148  908 2563   1   1  89   9   0   0 2026-10-05 04:05:28
   0    2            0      3085080       246408      1155984    0    0     0  3088 1314 3480   3   1  87   9   0   0 2026-10-05 04:05:29
   0    1            0      3111812       246824      1156036    0    0     0  3616 1642 4396   5   2  85   8   0   0 2026-10-05 04:05:30
   1    1            0      3131728       247236      1155204    0    0     0  3080 1832 4789   5   3  84   8   0   0 2026-10-05 04:05:31
   1    1            0      3057232       247600      1155728    0    0     0  2480 1029 2897   3   1  88   8   0   0 2026-10-05 04:05:32
   0    1            0      3177292       248084      1156032    0    0     0  4172 1436 3859   3   2  88   8   0   0 2026-10-05 04:05:33
   0    1            0      3168400       248504      1155648    0    0     0  3712 1514 3844   3   2  86   9   0   0 2026-10-05 04:05:34
   0    1            0      3166160       248984      1156560    0    0     0  3372  810 2367   1   0  90   9   0   0 2026-10-05 04:05:35
   0    1            0      3161120       249608      1156872    0    0     0  5172 1546 3952   4   1  87   8   0   0 2026-10-05 04:05:36
   0    2            0      3152104       250236      1156576    0    0     0  5608 1549 4093   4   1  87   8   0   0 2026-10-05 04:05:37
   0    2            0      3149864       251068      1157736    0    0     0  5796 1888 4937   3   1  88   8   0   0 2026-10-05 04:05:38
   0    1            0      3138724       251524      1158064    0    0     0  4324 1561 4413   2   1  87  10   0   0 2026-10-05 04:05:39
   1    1            0      3114328       252156      1158244    0    0     0  5584 3009 8918   3   1  88   8   0   0 2026-10-05 04:05:40
   0    1            0      3108120       253108      1157876    0    0     0  7180 9257 42712   1   2  89   7   0   0 2026-10-05 04:05:41
   1    1            0      3104108       254392      1158648    0    0     0  7524 9661 43844   1   3  88   7   0   0 2026-10-05 04:05:42
   0    1            0      3106764       255332      1159136    0    0     0  6024 10442 46033   5   4  85   6   0   0 2026-10-05 04:05:43
   1    1            0      3028360       256216      1159336    0    0     0  5936 4448 16483   5   1  88   6   0   0 2026-10-05 04:05:44
   0    1            0      3011328       256528      1159536    0    0     0  2612 2482 6900   2   1  90   8   0   0 2026-10-05 04:05:45
   0    1            0      2999876       256996      1160348    0    0     0  2912 1525 4132   4   1  88   7   0   0 2026-10-05 04:05:46
   0    1            0      2973436       257556      1161280    0    0     0  3764 1686 4948   2   1  90   7   0   0 2026-10-05 04:05:47
   0    2            0      3078784       258328      1159772    0    0     0  4476 2140 5712   4   2  88   6   0   0 2026-10-05 04:05:48
--procs-- -----------------------memory---------------------- ---swap-- -----io---- -system-- ----------cpu---------- -----timestamp-----
   r    b         swpd         free         buff        cache   si   so    bi    bo   in   cs  us  sy  id  wa  st  gu                 UTC
   4    0            0      3075960       259252      1159648    0    0     0  5768 4038 10361   4   2  88   7   0   0 2026-10-05 04:05:49
   1    1            0      3061752       259756      1159828    0    0     0  3792 1894 4867   2   0  90   8   0   0 2026-10-05 04:05:50
   1    1            0      3088752       260320      1160088    0    0     0  4576 3435 8071   7   2  86   6   0   0 2026-10-05 04:05:51
   1    0            0      3085240       261220      1160220    0    0     0  6912 3037 7572   6   3  87   5   0   0 2026-10-05 04:05:52
   1    1            0      3057928       262196      1160708    0    0     0  6072 3302 8372   7   4  84   5   0   0 2026-10-05 04:05:53
   2    2            0      3010504       262904      1160972    0    0     0  4576 4121 10760   7   3  85   6   0   0 2026-10-05 04:05:54
   2    0            0      3093516       263580      1161524    0    0     0  4404 2702 6850   7   4  84   6   0   0 2026-10-05 04:05:55
   0    1            0      3083376       264588      1161328    0    0     0  6424 3364 8501  10   4  82   5   0   0 2026-10-05 04:05:56
   3    1            0      3066204       265808      1162696    0    0     0  7816 2613 6892   4   2  88   6   0   0 2026-10-05 04:05:57
   1    0            0      3099056       266916      1162748    0    0     0  7488 2197 6008   2   1  92   5   0   0 2026-10-05 04:05:58
   0    1            0      3098840       268072      1164104    0    0     0  7416 3308 8946   2   1  93   5   0   0 2026-10-05 04:05:59
   1    0            0      3100640       268788      1164656    0    0     0  4572 1173 3548   1   1  93   5   0   0 2026-10-05 04:06:00
   1    0            0      3107700       269524      1155284    0    0     0  4920 1442 4421   1   1  93   5   0   0 2026-10-05 04:06:01
   0    1            0      3106944       270796      1155792    0    0     0  7824 1807 5348   1   1  93   5   0   0 2026-10-05 04:06:02
   1    1            0      3105992       272004      1155260    0    0     0  8304 1970 5446   1   1  93   5   0   0 2026-10-05 04:06:03
   1    0            0      3096592       273200      1155932    0    0     0  7936 3407 9232   2   1  92   5   0   0 2026-10-05 04:06:04
   0    1            0      3094900       274456      1156688    0    0     0  7768 1744 4965   2   1  93   5   0   0 2026-10-05 04:06:05
   0    1            0      3097816       275648      1157476    0    0     0  7392 1711 4793   2   1  93   5   0   0 2026-10-05 04:06:06
   0    1            0      3097956       276812      1157920    0    0     0  8232 1846 5226   2   1  93   5   0   0 2026-10-05 04:06:07
   0    1            0      3097752       277324      1157980    0    0     0  3220  944 2787   1   0  93   6   0   0 2026-10-05 04:06:08
   0    1            0      3099500       278336      1158320    0    0     0  7140 2448 6938   2   1  92   5   0   0 2026-10-05 04:06:09
--procs-- -----------------------memory---------------------- ---swap-- -----io---- -system-- ----------cpu---------- -----timestamp-----
   r    b         swpd         free         buff        cache   si   so    bi    bo   in   cs  us  sy  id  wa  st  gu                 UTC
   1    1            0      3101260       279332      1159584    0    0     0  6468 2430 7947   2   1  93   5   0   0 2026-10-05 04:06:10
   0    1            0      3100964       280084      1160272    0    0     0  4876 11682 50923   1   3  90   5   0   0 2026-10-05 04:06:11
   0    2            0      3099952       281308      1160816    0    0     0  7744 9672 43741   2   2  90   5   0   0 2026-10-05 04:06:12
   3    1            0      3096388       282032      1160784    0    0     0  5316 9467 43974   1   2  88   9   0   0 2026-10-05 04:06:13
   1    1            0      3084804       282932      1160984    0    0     0  5820 4869 17197   3   1  88   8   0   0 2026-10-05 04:06:14
   0    2            0      3081492       284276      1161532    0    0     0 10504 2157 5859   3   1  89   7   0   0 2026-10-05 04:06:15
   0    1            0      3078692       285416      1162332    0    0     0  8396 1671 4567   1   1  93   5   0   0 2026-10-05 04:06:16
   1    0            0      3076928       286480      1163344    0    0     0  6120 1422 4041   1   0  94   5   0   0 2026-10-05 04:06:17
   1    0            0      3073904       287460      1163360    0    0     0  7104 1733 4702   1   1  94   5   0   0 2026-10-05 04:06:18
   0    1            0      3070880       288512      1164256    0    0     0  6616 2872 7457   2   1  93   5   0   0 2026-10-05 04:06:19
   0    1            0      3069216       289372      1164520    0    0     0  6076 3915 15475   1   1  93   5   0   0 2026-10-05 04:06:20
   0    1            0      3067212       289996      1165372    0    0    76  3488  959 3061   1   1  93   6   0   0 2026-10-05 04:06:21
   0    1            0      3065952       290940      1165656    0    0     0  8680 1322 4020   1   0  94   5   0   0 2026-10-05 04:06:22
   0    1            0      3122748       291784      1155332    0    0     0  5816 2006 5805   2   1  93   4   0   0 2026-10-05 04:06:23
   0    1            0      3126984       292752      1156216    0    0     0  6020 1849 5004   2   1  93   5   0   0 2026-10-05 04:06:24
   2    0            0      3130848       293624      1155668    0    0     0  5228 1551 4574   2   1  93   4   0   0 2026-10-05 04:06:25
   1    1            0      2893264       294264      1166396    0    0     0  6420 8629 20435   6   5  83   6   0   0 2026-10-05 04:06:26
   1    1            0      2770596       294620      1195256    0    0     4  6220 11058 23984   7   6  84   3   0   0 2026-10-05 04:06:27
   1    1            0      2790104       294768      1201432    0    0     0  1564 5900 13098   5   2  91   2   0   0 2026-10-05 04:06:28
   3    0            0      2794932       294888      1192732    0    0     0   740 1810 4586   1   1  97   2   0   0 2026-10-05 04:06:29
   0    0            0      2783856       294960      1196300    0    0     0   708 2813 6590   2   1  96   1   0   0 2026-10-05 04:06:30
--procs-- -----------------------memory---------------------- ---swap-- -----io---- -system-- ----------cpu---------- -----timestamp-----
   r    b         swpd         free         buff        cache   si   so    bi    bo   in   cs  us  sy  id  wa  st  gu                 UTC
   5    1            0      2765800       295008      1203280    0    0     0   488 4275 9428   3   1  95   0   0   0 2026-10-05 04:06:31
   0    1            0      2690976       295224      1201468    0    0     0  1852 7471 16460   6   4  87   3   0   0 2026-10-05 04:06:32
   0    0            0      2680388       295328      1191788    0    0     0   804 3137 7323   3   1  94   1   0   0 2026-10-05 04:06:33
   0    0            0      2674420       295344      1191628    0    0     0   372 2672 6080   2   1  97   0   0   0 2026-10-05 04:06:34
   1    0            0      2665884       295416      1191876    0    0     0   472 1976 4746   1   1  98   1   0   0 2026-10-05 04:06:35
   4    1            0      2615552       295472      1202140    0    0     0   636 5107 11384   4   3  93   0   0   0 2026-10-05 04:06:36
   0    0            0      2612992       295604      1202948    0    0     0  2452 6016 13268   5   3  90   1   0   0 2026-10-05 04:06:37
   1    0            0      2795128       295660      1202852    0    0     0   764 6037 13434   5   3  92   0   0   0 2026-10-05 04:06:38
   1    0            0      2791112       295660      1194552    0    0     0     0 4038 14707   6   1  93   0   0   0 2026-10-05 04:06:39
   4    1            0      2793952       295676      1191136    0    0     0   332 2882 15132   5   2  93   0   0   0 2026-10-05 04:06:40
   3    1            0      3287972       296288      1150288    0    0     0  5748 12488 53918  10   6  80   3   0   0 2026-10-05 04:06:41
   4    0            0      3063092       297148      1170392    0    0     0 10700 20173 63412  10  10  72   8   0   0 2026-10-05 04:06:42
   1    0            0      3033824       297284      1171316    0    0     0  2048 20337 65435   9   9  82   1   0   0 2026-10-05 04:06:43
   0    0            0      3035156       297284      1171380    0    0     0     0 2973 17378   1   1  98   0   0   0 2026-10-05 04:06:44
   2    0            0      3026824       297584      1173684    0    0     0  2308 3759 8263   2   1  96   2   0   0 2026-10-05 04:06:45
   6    1            0      3153408       297992      1156760    0    0     0  5168 6924 17240   6   5  86   3   0   0 2026-10-05 04:06:46
   1    0            0      3036976       298328      1176304    0    0     0  3744 16431 35337   9   7  82   2   0   0 2026-10-05 04:06:47
   2    0            0      2981256       298344      1181596    0    0     0   344 8914 19318   6   2  91   0   0   0 2026-10-05 04:06:48
   0    0            0      2966616       298376      1183980    0    0     0   716 8506 18323   5   3  92   0   0   0 2026-10-05 04:06:49
   2    0            0      3335604       298408      1151668    0    0     0   704 8551 18759   5   5  90   0   0   0 2026-10-05 04:06:50
   0    0            0      3035872       299164      1170216    0    0     0 11608 11339 26720   7   6  82   4   0   0 2026-10-05 04:06:51
--procs-- -----------------------memory---------------------- ---swap-- -----io---- -system-- ----------cpu---------- -----timestamp-----
   r    b         swpd         free         buff        cache   si   so    bi    bo   in   cs  us  sy  id  wa  st  gu                 UTC
   2    0            0      3037460       299164      1174464    0    0     0    32 6205 20105   3   2  95   0   0   0 2026-10-05 04:06:52
   0    0            0      3035512       299180      1173580    0    0     0   236 2890 6655   2   1  97   0   0   0 2026-10-05 04:06:53
   0    1            0      3312504       299432      1151092    0    0     0  2256 2880 7247   3   2  94   1   0   0 2026-10-05 04:06:54
   1    1            0      3238000       300320      1152128    0    0     0  5424 2560 6183   4   1  92   3   0   0 2026-10-05 04:06:55
   0    0            0      3229704       300964      1154444    0    0     0  4104 1806 4533   2   1  95   2   0   0 2026-10-05 04:06:56
   0    0            0      3228100       300964      1154460    0    0     0   216   88  572   0   1  99   0   0   0 2026-10-05 04:06:57
   0    0            0      3228100       300964      1154460    0    0     0     0   20  403   0   0 100   0   0   0 2026-10-05 04:06:58
   0    0            0      3228100       300964      1154460    0    0     0     0   32  449   0   0 100   0   0   0 2026-10-05 04:06:59
   0    0            0      3230792       300964      1154460    0    0     0     0   34  334   0   0 100   0   0   0 2026-10-05 04:07:00
   0    0            0      3230848       300972      1154464    0    0     4    56   69  526   0   0 100   0   0   0 2026-10-05 04:07:01
   0    0            0      3250432       300972      1154464    0    0     0   332   34  346   0   0 100   0   0   0 2026-10-05 04:07:02
   0    0            0      3261556       300972      1154464    0    0     0     0   26  321   0   0 100   0   0   0 2026-10-05 04:07:03
   0    0            0      3273596       300972      1154464    0    0     0     0   71  536   0   0 100   0   0   0 2026-10-05 04:07:04
   0    0            0      3274728       300972      1154464    0    0     0     0   52  640   0   0 100   0   0   0 2026-10-05 04:07:05
   0    0            0      3274856       300972      1154464    0    0     0     0   29  625   0   0 100   0   0   0 2026-10-05 04:07:06
   0    0            0      3274608       300980      1154456    0    0     0  2932   27  417   0   0 100   0   0   0 2026-10-05 04:07:07
   0    0            0      3274608       300980      1154464    0    0     0     0   22  295   0   0 100   0   0   0 2026-10-05 04:07:08
   0    0            0      3274608       300980      1154464    0    0     0     0   19  396   0   0 100   0   0   0 2026-10-05 04:07:09
   0    0            0      3264372       300980      1154464    0    0     0     0  839 3583   0   0  99   0   0   0 2026-10-05 04:07:10
   0    0            0      3263376       300980      1154496    0    0     0     0 8141 40272   0   2  98   0   0   0 2026-10-05 04:07:11
   1    0            0      3261952       300980      1154472    0    0     0    44 7946 39905   0   2  98   0   0   0 2026-10-05 04:07:12
--procs-- -----------------------memory---------------------- ---swap-- -----io---- -system-- ----------cpu---------- -----timestamp-----
   r    b         swpd         free         buff        cache   si   so    bi    bo   in   cs  us  sy  id  wa  st  gu                 UTC
   1    0            0      3256820       300980      1154424    0    0     0     0 7970 39616   0   2  98   0   0   0 2026-10-05 04:07:13
   0    0            0      3255736       300980      1154432    0    0     0     0 2022 9976   0   0 100   0   0   0 2026-10-05 04:07:14
   0    0            0      3255800       300980      1154400    0    0     0     0   50  454   0   0 100   0   0   0 2026-10-05 04:07:15
   0    0            0      3255800       300988      1154400    0    0     0    68   40  483   0   0 100   0   0   0 2026-10-05 04:07:16
   0    0            0      3255800       300988      1154400    0    0     0     8   57  474   0   0 100   0   0   0 2026-10-05 04:07:17
   0    0            0      3255800       300988      1154400    0    0     0     0   21  324   0   0 100   0   0   0 2026-10-05 04:07:18
   0    0            0      3255800       300988      1154400    0    0     0     0   51  468   0   0 100   0   0   0 2026-10-05 04:07:19
   0    0            0      3257852       300988      1154400    0    0     0     0   69  500   0   0 100   0   0   0 2026-10-05 04:07:20
   0    0            0      3248024       300988      1154400    0    0     4     0 1267 3650   1   0  99   0   0   0 2026-10-05 04:07:21
   0    0            0      3247964       300996      1154468    0    0     0  1172   51  479   0   0 100   0   0   0 2026-10-05 04:07:22
   0    0            0      3247964       300996      1154468    0    0     0     0   22  392   0   0 100   0   0   0 2026-10-05 04:07:23
   0    0            0      3247964       300996      1154468    0    0     0     0  218  907   0   0 100   0   0   0 2026-10-05 04:07:24
   0    0            0      3238716       300996      1154472    0    0     0     0  991 2840   0   0  99   0   0   0 2026-10-05 04:07:25
   0    0            0      3267580       300996      1154472    0    0     0     0  164  735   1   0  99   0   0   0 2026-10-05 04:07:26
   0    0            0      3268216       301004      1154472    0    0     0   440   82  537   0   0 100   0   0   0 2026-10-05 04:07:27
   0    0            0      3268216       301004      1154472    0    0     0     0   22  406   0   0 100   0   0   0 2026-10-05 04:07:28
   0    0            0      3268216       301004      1154472    0    0     0     0   20  290   0   0 100   0   0   0 2026-10-05 04:07:29
   1    0            0      3268696       301004      1154476    0    0     0     0   85  534   0   0 100   0   0   0 2026-10-05 04:07:30
   0    0            0      3277068       301004      1154476    0    0     8     0  536 10055   0   1  98   0   0   0 2026-10-05 04:07:31
   0    0            0      3276544       301012      1154508    0    0     0   648   68  508   0   0 100   0   0   0 2026-10-05 04:07:32
   0    0            0      3281512       301012      1154496    0    0     0     0   31  310   0   0 100   0   0   0 2026-10-05 04:07:33
--procs-- -----------------------memory---------------------- ---swap-- -----io---- -system-- ----------cpu---------- -----timestamp-----
   r    b         swpd         free         buff        cache   si   so    bi    bo   in   cs  us  sy  id  wa  st  gu                 UTC
   1    0            0      3281512       301012      1154496    0    0     0     0   22  413   0   0 100   0   0   0 2026-10-05 04:07:34
   0    0            0      3281512       301012      1154496    0    0     0     0   22  299   0   0 100   0   0   0 2026-10-05 04:07:35
   0    0            0      3281512       301020      1154488    0    0     0    32   63  501   0   0 100   0   0   0 2026-10-05 04:07:36
   0    0            0      3281512       301020      1154496    0    0     0   196   29  417   0   0 100   0   0   0 2026-10-05 04:07:37
   0    0            0      3281512       301020      1154496    0    0     0     0   23  402   0   0 100   0   0   0 2026-10-05 04:07:38
   0    0            0      3281512       301020      1154496    0    0     0     0   22  401   0   0 100   0   0   0 2026-10-05 04:07:39
   1    0            0      3281512       301020      1154496    0    0     0     0  648 3340   0   0 100   0   0   0 2026-10-05 04:07:40
   1    0            0      3282456       301020      1154528    0    0     0     0 8044 39189   1   2  97   0   0   0 2026-10-05 04:07:41
   0    0            0      3282216       301020      1154512    0    0     0     0 7643 38482   0   2  98   0   0   0 2026-10-05 04:07:42
   4    0            0      3280248       301516      1154568    0    0     0  3800 8937 39992   6   2  91   2   0   0 2026-10-05 04:07:43
   0    0            0      3272912       301912      1154724    0    0     0  4316 4384 18463   4   1  94   2   0   0 2026-10-05 04:07:44
   0    0            0      3273220       301912      1154724    0    0     0     0  152  692   0   0 100   0   0   0 2026-10-05 04:07:45
